0-0 081 0-0

110112 433, 434 ἶ

1110001011 513. i

Minda 535, 536 “

Μ10601121 501, 546, 547. 1

Minsterhausen 506. 1

11101201 Thomas 505, 506, 548 ’

1110012484

Modestus Jo. Ant. 217. ¹

Moguntia 16, 23, 24, 28, 32, 102. 105, ’
144, 215, 224, 290, 458, 476, 498, 1
520, 547.

1103006000 (3216102110 11, 17, 23. 26, ¹
29, 30, 32, 33. 41, 46, 49. 57, 84,
126, 136, 142,153, 167, 168. 203,
215, 217, 229, 234, 244, 250. 253,
202, 211, 2112, 0021001101, 121, ¹
426, 428, 465.

Mohlhausen 506, 548

11003011 wolfgangus 15.

110100013501.

110100110οε Ε111101110 49.

11200012 511,

110011010οΙ01 508. 1

80102011 510.

Neitstein 510

Nerling 543.

Νο011213 503.

Νο00111101100 510.

1100112002 510, 511.

11000121508, 511, 512, 546, 547.

Νο1100011111506

Ν111111013511.

110161103502.

Norimberga 251, 274, 279, 305, 313,
339, 357, 361, 383, 384, 386, 436,
443, 498, 512, 514, 521, 532.

05006011 501.

050101001211 513.

Ochsenhausen 513.

oecolampadius 207, 562.

0600110110 512. 1

0001202010οω 498
0000010110 118.

0110011013 505.

osnabrugensis 00010212 535. 536.
‘Ottenbeuren 513. 1
0110011016οη 508. 1
Ottenwelder 508. 1
01110302 503, 547.

0020013 514.

Ρ260150000012 Eccl. 535.

Palatinus elector 72, 74, 205.

1320012510

Ρο010100013 386, 388, 380.

Petershagen 536.

Petershausen 507,

Ρ1200001120000 506.

Psederzheim 546,

Pighius 11101511, 559.

Ρ1110100111 514.

1110010110 89.

Ρ110110111101251, 274.

Ρ120011001010 511.

Planckstetten 513,

200010111οτ5. 386, 388, 389.

Polentinus Episcopus 28. 74, 82, 111.
197, 250, 257.

Ρο10012 366, 395, 396, 449, 450, 476,
485, 536.

11006011 511.

Ptincipes Germaniae 8. 9, 14, 42. 45.
71, 72, 73, 75, 76, 82, 87, 110. 112.
115, 118, 124, 193, 194, 314. 334.
468, 469,

Ρ111011511.

Ρ100012 392, 394, 400, 412, 425, 441,

1 442, 448, 449, 462, 463, 4640484.

504
Ρο116011 510.
Ρ111201 Martinus 156, 159, 237, 238.

,¹ Questembergius 48,
11261000 Thomas 217

1120000011 511.
1121100002 74, 362, 436, 443, 444. 408,

1 020, 001.

1120000001300 545

11060112 511.

1103000003 510.

110161016 510.

1101000205 505.

110υο521600 60 11000011 548

1100011110υο 31, 101.
Reussemberg 511

1 11εο1110373.

⁵ Rhenum 101, 363.

Oringen 508 1
, 1110501210513.

11110112 502, 512 547.

1110110015οῐ3 513

1111110013 510.

Rinckavia 1147.

Robertus de Marchia 138, 139, 155.
210, 226, 232. 241, 265.

1101100010 001οε0000 255, 256, 538.

110102 29, 32, 33, 34, 58, 62, 68, 73.
74, 75, 85, 86, 88, 98, 99, 100, 1021

 

