00100ον

103, 106, 116, 133, 143, 166. 167, ’
164, 186, 200, 206, 206, 228, 241,
264, 276, 369, 370, 398, 428, 449.

Ronsperg 6116

Ror. 510.

umarus 1110, 1111, 313. 311, 010, 310, 1
360, 391, 403. 416. 424. 429. 466. ·
466, 470.

11011610, 647.

1101101 601
Ruttemburg 646.

1
r

Rouensels 611. 1

uottenheim 511. 1

1101101101οἰ0 610.

Rugeu 610.

110001000011 611.

Rustici 464. 468, 477, 479. 480, 481.
100400. 1111, uu. 503. 1111, 0111. 1

608, 612, 646, 647. 648, 660. J
80001110 1, 28, ¹
Sachseud0r1 611.
801010000οη 363. 404, 416, 429, 461.

461, 489, 490, 493, 623.
801000100ῃεί0 episc. 13. 72. 71, 76, 76.

467, 481, 497, 616, 638, 642. 649.
Salzpurgum 487, 492. 607, 616, 649.
800010000111011110 400, 4111, 426,
8001 Clara 610.

8001 Johan 6111.

8011100 611,

saxonia 62, 79, 87, 99, 293. 3011, 301.
468. 1

8000110010 601,

801101101061010ι 49. 166, 292. 231. 263.
506. ’

8011011001-601.

Schimelberg 601, 646.

8000010000 690,

8011011000 606.

8011001016 610.

80010010101 606.

Schwamberg 611.

Schwartzbach 609,

Schweinhaid 610,

80001010 610

Scudelfingeu 603, 646.

Sedes Apostolica 1, 3. 6. 7, 9, 10, 38,
44, 46. 47. 66, 66, 117, 70, 71, 87,
97, 98, 104. 107, 116. 119, 122, 124,
126, 127, 128, 129, 130. 148, 149, ι
1611, 161, 166, 167, 169, 173, 176,
216, 220, 222, 223, 236, 236, 243, ξ
266, 267, 260, 266, 268, 292, 299, 1

312, 2120, 321, 332, 334. 337, 342,
914, 346, 363, 369, 374, 4111, 406.
430. 441, 449, 466. 466, 463, 468.

, 471, 472, 473, 483, 484, 491, 493.
fl 496, 614, 618. 623, 626. 629, 630.

639, 640, 641, 644, 664, 666, 662,
666.

sedunensis Card. 41, 42, 62. 63, 74,
78, 104, 216, 2611.

Seinetzhausen 606.

Seunemberg 136.

Sichler Nikolaus 130, 224,

810111οξ00. (1·’10110 de) 33, 132, 164. 166,

< 169, 1611, 170, 199, 207, 209, 210.

226, 233, 237, 244, 246, 246. 247,
266.

Siversperg 606,

8000111016 611.

Speugler Lazarus 261, 274.

8010001 Jacobus 49, 78, 144, 146, 166,

· 167, 168, 202, 203, 224, 231, 240,

81170033013406, 467, 491, 498, 629, 642.
Spreuger Joannes 16, 296,
Steffansberg 611.

81010 606.

. steinbach 610.
. 810100010610.
= 810100111100000647,

Steingadeu 499, 613.
8101100 601, 6116..

. Stertzing 507.

Sthaplar Christoph 613.
8101006οτ 606.

“ Stielingen 601.

suaemberg 610.

Stolperg 610.

8100006011 611.

⁵ Strautz Jac. 606.

811010111οῐ 648,

8100000 611.

8100100 306, 306, 307.

80111ξο16ἱο 364, 382, 603.

Sugeuheim 611.

80110 611.

8001001111 611.

8101100 Liga 423, 432. 467, 469, 4611.
488, 492, 601, 602. 603, 612, 616.
643, 649.

‘sabern 648.

Tagstein 606.

Tarcereus Laurentius 192.

Tasthendors 511.

 

