6'·{3534C>-0

Burchardus 144, 158, 1119, 289.
80101ιο01011 5111

Burchling 510

Burchstein 50

Burgaro 501. 515

Burhonia 506

81111011 510

Constantia 457, 467, 186, 498.
110100 95.

¹ Curia Romana 8, 9, 34. 52, 96, 98, 238.

300, 301, 323, 539. 544, 545
1)οηἰο seu 0001110101 52, 275, 276, 3114
De Gambara Com. Camillus 52

ι Dela Rovere Antoninus 42

Caracciolns Marinus 11, 17, 22. 45, 071 - Franciscus Maria 42.
66,67,106,107,166166166 142 lDleta 16„66166611, 666, 667 616 666.

158, 166, 168, 21], 235, 240 241,1
243, 245, 252, 2511, 263, 276, 279,

(3053600100 5, 8, 30, 45 010.

Cardinalis Sanctorum 9110100183, 84.
(3011010111οε 407, 537.

Campegius 0013100110 49, 322, 325, 337.
341, 348, 352, 354, 399, 419, 422, 1
³ 103, 116. 131, 145, 236, 287, 330.

436, 452, 485, 497, 543.

- Βι1300 366.
-Non'mbergae 312. 315, 310. 322,
340, 341, 342, 341, 347, 348, 349,
mmmm

, -- Ratisbonao 363, 365, 370, 421.

Spirae 331, 363. 352, 362, 365, 367.
308, 369, 382, 397.
-- wormaciae 45, 46, 61, 73, 94, 100,

11000160000010 abbas 01 Campidonum 1 336, 340, 341, 344. 348, 361,
458, 492, 506

Cancellarius 49, 71, 72, 345.

Capito 49 84 1115, 1117 125, 126168

169

¹ Durndorl 5111.
1 1100011010,1 153.

1151000000 monaster. 509
10010010 Romana 69, 89, 90. 95, 109.

Capuanus Archiepisc 100, ἔ,170 535, 4 1281010 vide 8011 10001,

542, 543.
Carolus V 1000101014, 5, 0, 12, 14,

16, 16, 01, 10, 0, 51, 66, 66, 100, .

118, 317.
Carolus Magnus 89, 135, 338.
6000110000 episcopus 48, 107. 157.
Castel 514.
Castilionius Balthassar 448, 460.
Cesis (Angelus (101 64.
(3501010011 501, 649,

Eckius 1οο000.- 8, 9 12, 13, 14, 52,
58, 60, 62, 91, 274, 398, 500, 540, 541.

Eclrius (vel Eccius vel De 0010) joannes
176, 226. 234

Edelstetten 513.

Egn10ndnnus552. 553, 554, 656. 556. 666.

Elehingen 511.

Ellern 511.

Elwang. 503, 548. ·

' Emmanuel rex Portugalliae 1911.

(3510110026, 27, 28, 411, 41. 45, 46, 51. 3 - Joannes 212.

66, 67, 77, 00, 111,161. 136166.

l Emser Hier. 367.

166146, 101, 171, 167, 602, 261, 1 05055555 48, 51.

227, 228, 234, 239, 259.
Clemens VII. Pana 570 01 seq.
Cochlueus 293, 296, 476, 520.

Colonia 16, 59, 61, 96, 101, 113, 134.

157, 245, 443.

Coloniensis elector 30, 35, 41, 363, 367.
Concilium 115, 270, 333, 335, 352, 515.

530.

Concilium 0000100110057, 91, 121. 187,

195, 196.
— Florentiae 112, 135, 338, 416.
- Laterani 7, 10.

Consessor Caesaris (11100101 27, 46, 74.
78, 81, 83, 100, 116, 148, 160, 161,
164165, 169, 207, 215, 217, 237.

243, 254, 257, 278, 292.

Erasmus Rottetodam116 31, 34, 40, 58.
79, 66, 81, 100, 101, 102, 126, 227,
281. 294, 295, 308, 309, 319, 362,
550, 552. 553. 556, 557. 558. 559,
5611. 561, 562, 563

Erlurt 161. 268

Ergcrstorl 510,

mmmmmmmfflmm

Estanseld 510.

Eyrigsholen 510.

J Eysenach 244, 245, 246.

Εγο101100458. 502, 547.
Faber 319, 446

Fabri Joannes 164,
Favorinus Joannes 15.

ὗ Ferberus 544.

 

