ο«3566135

1155551555 510. ¹ Leodiensis episc. 9, 11, 26, 27, 30, 32,
Η51155315 272, 289, 436. 437, 452, 455. 1 41, 52, 61, 74, 131, 136, 140, 197,
Η55151510. ‘ 199, 210, 227, 264, 275, 278, 280,
115151155 1155515555 554. , 282. 290, 293, 299, 438, 448, 452,
11555555 51 etc. , 453, 560,
1155155501. 1 Leumpach 511.
1155151515 505, 548. ’ Levinus 84, 407.
Η555 Joannes 69, 80, 181, 184, 187, ¹ Lorch 513.
237. Ϊ 1515555515 475, 477, 478, 481194. 548
mmmm meffiQmmmwffi
mmmmmwwffl!mmmffi
mmwffimssmwfflstmmw
msswffimffimedmmffl.
199, 207, 208, 209, 211. 226, 235, , Lunreunt 511.
242, 252, 272, 274. 297, 298, 308. ζ Lutherus Martinus 1, 3, 5, 6, 7, 8. 9,

= 55551561, 546. 12, 13, 14, 16, 17, 18, 22, 23, 25,

15551151 514. , 26, 28, 29, 31, 32, 33, 35, 36, 38
155515151511, 546, 547. ’ 39, 40, 42, 43, 52, 53, 54, 55, 56,
155511555555 510. 58, 59, 60, 67, 69, 70, 71, 72, 73,
1555555515 382, 405, 428, 466. 4711, 74, 75, 76, 78, 81, 86, 87, 88, 90,

486, 507. 91, 92, 94, 95, 96, 97, 101, 102103,
15555548. 104, 107, 108, 111, 112, 113, 115,
1555513. 5 116, 117, 118, 119, 120, 121, 122.
Itali 115. 123, 126, 130, 131, 133, 134, 135,
555555 11555ω555ωω
Jmmm ,lstmffiQOffimQ
Joannes Saxoniae Dux 505, 545, 548. , 159, 160,161, 162, 164. 165, 166,
Joachinus Brandeburgi 78, 80, 160, 167, 1 170, 171, 172. 173, 175, 176, 180,

168, 208, 250, 270, 412, 413, 443. 1 181, 183. 185. 186, 187, 188, 189,
Julianus de Medicis 570 51 seq. ζ 190, 194, 195, 196, 198, 201, 202,
mmwt ’55555Μ5ω55
mmmm {mmmmmffimwm
mmm {fflmwmmfflmwffi
Κ1555155155510. ῑ 236, 239, 240, 241, 245, 251, 260,

‘'fflmm afflmssQOfflmm

Κ115153512. ‚ 277, 282, 288, 295, 298, 300, 306,
Κ15155515511. 307, 349, 351, 357, 375, 398, 420,
Κ151555555 510. 423, 500, 513. 552, 553, 556, 557,
Komberg 269. ἡ Ι 562, 567. ’
Kungshofen 508, 509, 546. Magdeburgum 269, 321, 399, 408, 418,
11515115 511. 421, 465, 534.
Lahingen 546. 1 Magnus Joannes 303.
Lancheim 510. ; 1115551511 (comites de) 269, 568.
Lanspergium 549. Marchtelszpach 548.
15555515 303. 1 Margareta Archid. 361, 379, 425, 436.
15555555 375. Markdors 501.
Laybach 542. Μ5515515510.
[5111115510. Martha! 513
1515155115 502. 545. Marx 510.
Leiterpach 511. Melanchton Philippus 237.
Lemerszheim 512, 548. ι Memingen 506, 513, 547, 549.
Leo Χ.1,4, 17, 89, 113, 150, 320, 1115555 507

337, 343, 401, 432, 497, 539, 554. Messing 502, 547.

 

